#!ascii label /autofs/cluster/iaslab/buckner_fsfast_fc/rsfmri/ROIs/dACC_Wager.label , from subject  vox2ras=TkReg
36
-1  11.000  11.000  -37.000 0.0000000000
-1  9.000  11.000  -37.000 0.0000000000
-1  11.000  11.000  -39.000 0.0000000000
-1  9.000  11.000  -39.000 0.0000000000
-1  11.000  11.000  -41.000 0.0000000000
-1  9.000  11.000  -41.000 0.0000000000
-1  13.000  13.000  -37.000 0.0000000000
-1  11.000  13.000  -37.000 0.0000000000
-1  9.000  13.000  -37.000 0.0000000000
-1  7.000  13.000  -37.000 0.0000000000
-1  13.000  13.000  -39.000 0.0000000000
-1  11.000  13.000  -39.000 0.0000000000
-1  9.000  13.000  -39.000 0.0000000000
-1  7.000  13.000  -39.000 0.0000000000
-1  13.000  13.000  -41.000 0.0000000000
-1  11.000  13.000  -41.000 0.0000000000
-1  9.000  13.000  -41.000 0.0000000000
-1  7.000  13.000  -41.000 0.0000000000
-1  13.000  15.000  -37.000 0.0000000000
-1  11.000  15.000  -37.000 0.0000000000
-1  9.000  15.000  -37.000 0.0000000000
-1  7.000  15.000  -37.000 0.0000000000
-1  13.000  15.000  -39.000 0.0000000000
-1  11.000  15.000  -39.000 0.0000000000
-1  9.000  15.000  -39.000 0.0000000000
-1  7.000  15.000  -39.000 0.0000000000
-1  13.000  15.000  -41.000 0.0000000000
-1  11.000  15.000  -41.000 0.0000000000
-1  9.000  15.000  -41.000 0.0000000000
-1  7.000  15.000  -41.000 0.0000000000
-1  11.000  17.000  -37.000 0.0000000000
-1  9.000  17.000  -37.000 0.0000000000
-1  11.000  17.000  -39.000 0.0000000000
-1  9.000  17.000  -39.000 0.0000000000
-1  11.000  17.000  -41.000 0.0000000000
-1  9.000  17.000  -41.000 0.0000000000
