#!ascii label /autofs/cluster/iaslab/buckner_fsfast_fc/rsfmri/ROIs/lvAIns_Wager.label , from subject  vox2ras=TkReg
28
-1  45.000  -37.000  -21.000 0.0000000000
-1  47.000  -37.000  -23.000 0.0000000000
-1  45.000  -37.000  -23.000 0.0000000000
-1  43.000  -37.000  -23.000 0.0000000000
-1  45.000  -37.000  -25.000 0.0000000000
-1  47.000  -35.000  -21.000 0.0000000000
-1  45.000  -35.000  -21.000 0.0000000000
-1  43.000  -35.000  -21.000 0.0000000000
-1  47.000  -35.000  -23.000 0.0000000000
-1  45.000  -35.000  -23.000 0.0000000000
-1  43.000  -35.000  -23.000 0.0000000000
-1  47.000  -35.000  -25.000 0.0000000000
-1  45.000  -35.000  -25.000 0.0000000000
-1  43.000  -35.000  -25.000 0.0000000000
-1  47.000  -33.000  -21.000 0.0000000000
-1  45.000  -33.000  -21.000 0.0000000000
-1  43.000  -33.000  -21.000 0.0000000000
-1  47.000  -33.000  -23.000 0.0000000000
-1  45.000  -33.000  -23.000 0.0000000000
-1  43.000  -33.000  -23.000 0.0000000000
-1  47.000  -33.000  -25.000 0.0000000000
-1  45.000  -33.000  -25.000 0.0000000000
-1  43.000  -33.000  -25.000 0.0000000000
-1  45.000  -31.000  -21.000 0.0000000000
-1  47.000  -31.000  -23.000 0.0000000000
-1  45.000  -31.000  -23.000 0.0000000000
-1  43.000  -31.000  -23.000 0.0000000000
-1  45.000  -31.000  -25.000 0.0000000000
