#!ascii label /autofs/cluster/iaslab/buckner_fsfast_fc/rsfmri/ROIs/mvAIns_Harper.label , from subject  vox2ras=TkReg
33
-1  31.000  -37.000  -33.000 0.0000000000
-1  33.000  -35.000  -31.000 0.0000000000
-1  31.000  -35.000  -31.000 0.0000000000
-1  29.000  -35.000  -31.000 0.0000000000
-1  33.000  -35.000  -33.000 0.0000000000
-1  31.000  -35.000  -33.000 0.0000000000
-1  29.000  -35.000  -33.000 0.0000000000
-1  33.000  -35.000  -35.000 0.0000000000
-1  31.000  -35.000  -35.000 0.0000000000
-1  29.000  -35.000  -35.000 0.0000000000
-1  31.000  -33.000  -29.000 0.0000000000
-1  33.000  -33.000  -31.000 0.0000000000
-1  31.000  -33.000  -31.000 0.0000000000
-1  29.000  -33.000  -31.000 0.0000000000
-1  35.000  -33.000  -33.000 0.0000000000
-1  33.000  -33.000  -33.000 0.0000000000
-1  31.000  -33.000  -33.000 0.0000000000
-1  29.000  -33.000  -33.000 0.0000000000
-1  27.000  -33.000  -33.000 0.0000000000
-1  33.000  -33.000  -35.000 0.0000000000
-1  31.000  -33.000  -35.000 0.0000000000
-1  29.000  -33.000  -35.000 0.0000000000
-1  31.000  -33.000  -37.000 0.0000000000
-1  33.000  -31.000  -31.000 0.0000000000
-1  31.000  -31.000  -31.000 0.0000000000
-1  29.000  -31.000  -31.000 0.0000000000
-1  33.000  -31.000  -33.000 0.0000000000
-1  31.000  -31.000  -33.000 0.0000000000
-1  29.000  -31.000  -33.000 0.0000000000
-1  33.000  -31.000  -35.000 0.0000000000
-1  31.000  -31.000  -35.000 0.0000000000
-1  29.000  -31.000  -35.000 0.0000000000
-1  31.000  -29.000  -33.000 0.0000000000
