#!ascii label /autofs/cluster/iaslab/buckner_fsfast_fc/rsfmri/ROIs/pgACC_Gianaros.label , from subject  vox2ras=TkReg
28
-1  15.000  -21.000  -59.000 0.0000000000
-1  13.000  -21.000  -59.000 0.0000000000
-1  17.000  -21.000  -61.000 0.0000000000
-1  15.000  -21.000  -61.000 0.0000000000
-1  13.000  -21.000  -61.000 0.0000000000
-1  11.000  -21.000  -61.000 0.0000000000
-1  15.000  -21.000  -63.000 0.0000000000
-1  13.000  -21.000  -63.000 0.0000000000
-1  17.000  -19.000  -59.000 0.0000000000
-1  15.000  -19.000  -59.000 0.0000000000
-1  13.000  -19.000  -59.000 0.0000000000
-1  11.000  -19.000  -59.000 0.0000000000
-1  17.000  -19.000  -61.000 0.0000000000
-1  15.000  -19.000  -61.000 0.0000000000
-1  13.000  -19.000  -61.000 0.0000000000
-1  11.000  -19.000  -61.000 0.0000000000
-1  17.000  -19.000  -63.000 0.0000000000
-1  15.000  -19.000  -63.000 0.0000000000
-1  13.000  -19.000  -63.000 0.0000000000
-1  11.000  -19.000  -63.000 0.0000000000
-1  15.000  -17.000  -59.000 0.0000000000
-1  13.000  -17.000  -59.000 0.0000000000
-1  17.000  -17.000  -61.000 0.0000000000
-1  15.000  -17.000  -61.000 0.0000000000
-1  13.000  -17.000  -61.000 0.0000000000
-1  11.000  -17.000  -61.000 0.0000000000
-1  15.000  -17.000  -63.000 0.0000000000
-1  13.000  -17.000  -63.000 0.0000000000
