#!ascii label /autofs/cluster/iaslab/buckner_fsfast_fc/rsfmri/ROIs/dmIns_Kurth.label , from subject  vox2ras=TkReg
36
-1  43.000  -19.000  -17.000 0.0000000000
-1  41.000  -19.000  -17.000 0.0000000000
-1  43.000  -19.000  -19.000 0.0000000000
-1  41.000  -19.000  -19.000 0.0000000000
-1  43.000  -19.000  -21.000 0.0000000000
-1  41.000  -19.000  -21.000 0.0000000000
-1  45.000  -17.000  -17.000 0.0000000000
-1  43.000  -17.000  -17.000 0.0000000000
-1  41.000  -17.000  -17.000 0.0000000000
-1  39.000  -17.000  -17.000 0.0000000000
-1  45.000  -17.000  -19.000 0.0000000000
-1  43.000  -17.000  -19.000 0.0000000000
-1  41.000  -17.000  -19.000 0.0000000000
-1  39.000  -17.000  -19.000 0.0000000000
-1  45.000  -17.000  -21.000 0.0000000000
-1  43.000  -17.000  -21.000 0.0000000000
-1  41.000  -17.000  -21.000 0.0000000000
-1  39.000  -17.000  -21.000 0.0000000000
-1  45.000  -15.000  -17.000 0.0000000000
-1  43.000  -15.000  -17.000 0.0000000000
-1  41.000  -15.000  -17.000 0.0000000000
-1  39.000  -15.000  -17.000 0.0000000000
-1  45.000  -15.000  -19.000 0.0000000000
-1  43.000  -15.000  -19.000 0.0000000000
-1  41.000  -15.000  -19.000 0.0000000000
-1  39.000  -15.000  -19.000 0.0000000000
-1  45.000  -15.000  -21.000 0.0000000000
-1  43.000  -15.000  -21.000 0.0000000000
-1  41.000  -15.000  -21.000 0.0000000000
-1  39.000  -15.000  -21.000 0.0000000000
-1  43.000  -13.000  -17.000 0.0000000000
-1  41.000  -13.000  -17.000 0.0000000000
-1  43.000  -13.000  -19.000 0.0000000000
-1  41.000  -13.000  -19.000 0.0000000000
-1  43.000  -13.000  -21.000 0.0000000000
-1  41.000  -13.000  -21.000 0.0000000000
