#!ascii label /autofs/cluster/iaslab/buckner_fsfast_fc/rsfmri/ROIs/dpIns_Gianaros.label , from subject  vox2ras=TkReg
33
-1  37.000  -7.000  15.000 0.0000000000
-1  39.000  -5.000  17.000 0.0000000000
-1  37.000  -5.000  17.000 0.0000000000
-1  35.000  -5.000  17.000 0.0000000000
-1  39.000  -5.000  15.000 0.0000000000
-1  37.000  -5.000  15.000 0.0000000000
-1  35.000  -5.000  15.000 0.0000000000
-1  39.000  -5.000  13.000 0.0000000000
-1  37.000  -5.000  13.000 0.0000000000
-1  35.000  -5.000  13.000 0.0000000000
-1  37.000  -3.000  19.000 0.0000000000
-1  39.000  -3.000  17.000 0.0000000000
-1  37.000  -3.000  17.000 0.0000000000
-1  35.000  -3.000  17.000 0.0000000000
-1  41.000  -3.000  15.000 0.0000000000
-1  39.000  -3.000  15.000 0.0000000000
-1  37.000  -3.000  15.000 0.0000000000
-1  35.000  -3.000  15.000 0.0000000000
-1  33.000  -3.000  15.000 0.0000000000
-1  39.000  -3.000  13.000 0.0000000000
-1  37.000  -3.000  13.000 0.0000000000
-1  35.000  -3.000  13.000 0.0000000000
-1  37.000  -3.000  11.000 0.0000000000
-1  39.000  -1.000  17.000 0.0000000000
-1  37.000  -1.000  17.000 0.0000000000
-1  35.000  -1.000  17.000 0.0000000000
-1  39.000  -1.000  15.000 0.0000000000
-1  37.000  -1.000  15.000 0.0000000000
-1  35.000  -1.000  15.000 0.0000000000
-1  39.000  -1.000  13.000 0.0000000000
-1  37.000  -1.000  13.000 0.0000000000
-1  35.000  -1.000  13.000 0.0000000000
-1  37.000  1.000  15.000 0.0000000000
