#!ascii label /autofs/cluster/iaslab/buckner_fsfast_fc/rsfmri/ROIs/sgACC_Gianaros.label , from subject  vox2ras=TkReg
33
-1  3.000  -29.000  -31.000 0.0000000000
-1  5.000  -27.000  -29.000 0.0000000000
-1  3.000  -27.000  -29.000 0.0000000000
-1  1.000  -27.000  -29.000 0.0000000000
-1  5.000  -27.000  -31.000 0.0000000000
-1  3.000  -27.000  -31.000 0.0000000000
-1  1.000  -27.000  -31.000 0.0000000000
-1  5.000  -27.000  -33.000 0.0000000000
-1  3.000  -27.000  -33.000 0.0000000000
-1  1.000  -27.000  -33.000 0.0000000000
-1  3.000  -25.000  -27.000 0.0000000000
-1  5.000  -25.000  -29.000 0.0000000000
-1  3.000  -25.000  -29.000 0.0000000000
-1  1.000  -25.000  -29.000 0.0000000000
-1  7.000  -25.000  -31.000 0.0000000000
-1  5.000  -25.000  -31.000 0.0000000000
-1  3.000  -25.000  -31.000 0.0000000000
-1  1.000  -25.000  -31.000 0.0000000000
-1  -1.000  -25.000  -31.000 0.0000000000
-1  5.000  -25.000  -33.000 0.0000000000
-1  3.000  -25.000  -33.000 0.0000000000
-1  1.000  -25.000  -33.000 0.0000000000
-1  3.000  -25.000  -35.000 0.0000000000
-1  5.000  -23.000  -29.000 0.0000000000
-1  3.000  -23.000  -29.000 0.0000000000
-1  1.000  -23.000  -29.000 0.0000000000
-1  5.000  -23.000  -31.000 0.0000000000
-1  3.000  -23.000  -31.000 0.0000000000
-1  1.000  -23.000  -31.000 0.0000000000
-1  5.000  -23.000  -33.000 0.0000000000
-1  3.000  -23.000  -33.000 0.0000000000
-1  1.000  -23.000  -33.000 0.0000000000
-1  3.000  -21.000  -31.000 0.0000000000
